Q1 0 2045129299213029421 1
Q1 0 2045128754284933479 1
Q1 0 2045178057279902129 1
Q1 0 2045132305883111888 1
Q1 0 2045146324752888114 1
Q1 0 2045134651967132147 1
Q1 0 2045160925821325459 1
Q1 0 2043679806676509001 1
Q1 0 2045174625894551737 1
Q1 0 2045133801467113805 1
Q1 0 2045128836933673314 1
Q1 0 2045140705388159414 1
Q1 0 2045180906927738916 1
Q1 0 2045145433207382456 1
Q1 0 2045128179199643970 1
Q1 0 2045130184559333635 1
Q1 0 2045147505495568581 1
Q1 0 2045143388958171426 1
Q1 0 2045127088655519760 1
Q1 0 2044386660469579904 1
Q1 0 2045123636856602795 1
Q1 0 2045133865929363964 1
Q1 0 2045162376631320705 1
Q1 0 2045160176341410027 1
Q1 0 2045152846224527367 1
Q1 0 2045138479948915078 1
Q1 0 2043724637885059133 1
Q1 0 2045146116300370031 1
Q1 0 2045131323916828869 1
Q1 0 2045150636228891133 1
Q1 0 2045127280024773030 0
Q1 0 2045130010063675602 0
Q1 0 2045143117657952637 0
Q1 0 2045134999033147649 0
Q1 0 2045179989750870446 0
Q1 0 2045145356141506704 0
Q1 0 2045158565447434702 0
Q1 0 2043922204157694393 0
Q1 0 2045141270931136914 0
Q1 0 2045127802932875465 0
Q1 0 2045043781985005599 0
Q1 0 2045149904285421715 0
Q1 0 2045150585750769931 0
Q1 0 2045155262114259192 0
Q1 0 2045178678900912274 0
Q1 0 2045151254716850444 0
Q1 0 2045181003488969080 0
Q1 0 2045129276693815685 0
Q1 0 2045179849690464406 0
Q1 0 2045125827872923672 0
Q1 0 2045122588888683007 0
Q1 0 2045183560009605255 0
Q1 0 2045135674244735060 0
Q1 0 2045123028720201844 0
Q1 0 2045127570564243877 0
Q1 0 2045127314644586980 0
Q1 0 2045126052016455776 0
Q1 0 2045142699603272012 0
Q1 0 2045133425154076920 0
Q1 0 2045121573124759713 0
Q1 0 2045151978179764506 0
Q1 0 2045160693846978996 0
Q1 0 2045128038233321804 0
Q1 0 2045134774482977107 0
Q1 0 2045135231745728916 0
Q1 0 2045174291214504011 0
Q1 0 2045127767289659677 0
Q1 0 2045123605529543017 0
Q1 0 2041233118968037454 0
Q1 0 2045156544468095142 0
Q1 0 2045132711141024146 0
Q1 0 2045131607586025513 0
Q1 0 2045159014053388430 0
Q1 0 2043408594071146508 0
Q1 0 2045131644584005644 0
Q1 0 2045139466164019545 0
Q1 0 2045174645729399094 0
Q1 0 2043606829318721757 0
Q1 0 2045125926288056531 0
Q1 0 2045133183092420754 0
Q1 0 2045143289196925422 0
Q1 0 2045132759035773312 0
Q1 0 2045159006889496963 0
Q1 0 2045128858123350457 0
Q1 0 2045150431471362500 0
Q1 0 2045132211179999466 0
Q1 0 2045132702882443527 0
Q1 0 2045145752536535241 0
Q1 0 2045139846092444138 0
Q1 0 2045130530488713492 0
Q1 0 2045166791941411225 0
Q1 0 2045023484120617094 0
Q1 0 2045132280587239729 0
Q1 0 2045154367410413800 0
Q1 0 2045131418703986876 0
Q1 0 2045182794498728129 0
Q1 0 2045122877951742189 0
Q1 0 2045153535508025790 0
Q1 0 2045150416963256560 0
Q1 0 2045166989639885212 0
Q2 0 2040992658156408928 1
Q2 0 2041470318363984127 1
Q2 0 2043483889696477425 1
Q2 0 2043424960853819509 1
Q2 0 2041224272442728633 1
Q2 0 2041626070399492601 1
Q2 0 2043326843780997436 1
Q2 0 2041530563753054467 1
Q2 0 2041690304802136352 1
Q2 0 2043168734316273888 1
Q2 0 2043367716011016347 1
Q2 0 2043376370596594138 1
Q2 0 2043249111991034293 1
Q2 0 2045076329758871681 1
Q2 0 2043754133945987519 1
Q2 0 2042638730662678791 1
Q2 0 2041471812475695319 1
Q2 0 2041573835456098807 1
Q2 0 2043157123522244731 1
Q2 0 2043347735936487820 1
Q2 0 2044664917781881028 1
Q2 0 2043820435490451862 1
Q2 0 2042088641720127656 1
Q2 0 2040320391953211872 1
Q2 0 2041124056456458278 1
Q2 0 2041131308701700320 1
Q2 0 2041630219145019473 1
Q2 0 2043511750663045238 1
Q2 0 2043079785606263253 1
Q2 0 2041856642388541623 1
Q2 0 2040583970157433065 0
Q2 0 2043090871092912315 0
Q2 0 2040856508599279955 0
Q2 0 2041063308657049979 0
Q2 0 2041505141761941681 0
Q2 0 2040961337115681159 0
Q2 0 2044823594350375163 0
Q2 0 2043772436248965407 0
Q2 0 2041467362700841228 0
Q2 0 2041629529723248646 0
Q2 0 2043468712188031428 0
Q2 0 2042026005116723241 0
Q2 0 2043230105628295174 0
Q2 0 2043115919963037918 0
Q2 0 2041059796082630768 0
Q2 0 2041253672819343467 0
Q2 0 2041296750971936998 0
Q2 0 2042077140275933595 0
Q2 0 2042704796571082816 0
Q2 0 2043293285847105814 0
Q2 0 2044180566572961802 0
Q2 0 2043380442435658054 0
Q2 0 2045185668197069263 0
Q2 0 2041272834836566461 0
Q2 0 2041057560120164829 0
Q2 0 2040681122493862295 0
Q2 0 2045183395840557244 0
Q2 0 2043370816688079280 0
Q2 0 2043073140511674714 0
Q2 0 2045139247947227189 0
Q2 0 2041122180629410079 0
Q2 0 2044764969854488962 0
Q2 0 2044136965088419915 0
Q2 0 2040852607632068659 0
Q2 0 2041832001406173449 0
Q2 0 2044297122573328670 0
Q2 0 2045180805798928759 0
Q2 0 2041633844802068870 0
Q2 0 2044089922982649980 0
Q2 0 2044409120346812706 0
Q2 0 2044098266221117610 0
Q2 0 2042243488679420084 0
Q2 0 2043748548471108056 0
Q2 0 2043843688355508651 0
Q2 0 2041975617802150183 0
Q2 0 2041473155336675708 0
Q2 0 2041130533099302916 0
Q2 0 2041922607675494476 0
Q2 0 2045142699603272012 0
Q2 0 2042624023540973721 0
Q2 0 2040646313415430427 0
Q2 0 2041892624752103895 0
Q2 0 2041832394496307541 0
Q2 0 2041835756512055497 0
Q2 0 2041468338421846139 0
Q2 0 2045181234683547872 0
Q2 0 2041136723518783577 0
Q2 0 2043032319779328178 0
Q2 0 2043290769583206582 0
Q2 0 2041978164705132714 0
Q2 0 2043032600453779565 0
Q2 0 2040380146545303725 0
Q2 0 2043078756114534791 0
Q2 0 2041140645537177927 0
Q2 0 2041260499610882445 0
Q2 0 2042291786794590513 0
Q2 0 2042286290172068186 0
Q2 0 2041098402969137647 0
Q2 0 2040843878840811547 0
Q2 0 2044450290091294907 0
Q3 0 2042301265498292284 1
Q3 0 2043806218305581194 1
Q3 0 2043790684029632994 1
Q3 0 2041016155075477512 1
Q3 0 2042297199455838407 1
Q3 0 2043847956143509719 1
Q3 0 2040967513471844629 1
Q3 0 2045009825562755257 1
Q3 0 2042532690545787327 1
Q3 0 2041356402208162029 1
Q3 0 2042338557638152358 1
Q3 0 2043416241323573250 1
Q3 0 2041651397356138962 1
Q3 0 2044760428287258719 1
Q3 0 2041197877607772248 1
Q3 0 2042333981191127090 1
Q3 0 2044750237076427150 1
Q3 0 2042898166832636385 1
Q3 0 2043325641043452383 1
Q3 0 2042332525121650848 1
Q3 0 2044599900311265594 1
Q3 0 2041113384348000301 1
Q3 0 2042463823924220081 1
Q3 0 2042495007136096328 1
Q3 0 2042522040100622762 1
Q3 0 2041690304802136352 1
Q3 0 2040585031824163100 1
Q3 0 2041242884016341336 1
Q3 0 2044630231672303686 1
Q3 0 2042437858418704597 1
Q3 0 2041526085691576715 0
Q3 0 2042301247060132251 0
Q3 0 2043576548951986377 0
Q3 0 2042427545522749578 0
Q3 0 2042873687771127856 0
Q3 0 2043382231994130437 0
Q3 0 2043276443149565998 0
Q3 0 2042382862721429923 0
Q3 0 2043386242407227871 0
Q3 0 2043264154593575180 0
Q3 0 2041199172607438871 0
Q3 0 2042171600066199841 0
Q3 0 2041690421710000443 0
Q3 0 2041226127361155509 0
Q3 0 2042306053602492860 0
Q3 0 2041329353255227434 0
Q3 0 2041722450644439539 0
Q3 0 2041193014966505622 0
Q3 0 2041651975146606999 0
Q3 0 2042958868314034550 0
Q3 0 2044799934067581288 0
Q3 0 2044007763613802566 0
Q3 0 2042163101403951467 0
Q3 0 2042343832587530364 0
Q3 0 2044107901011112291 0
Q3 0 2043061052804382872 0
Q3 0 2042994145980006565 0
Q3 0 2041353740163117314 0
Q3 0 2041686688779362786 0
Q3 0 2041199714939334938 0
Q3 0 2042891057701228567 0
Q3 0 2042841960411439367 0
Q3 0 2042374378072019293 0
Q3 0 2041979048478273699 0
Q3 0 2042340463856976032 0
Q3 0 2041653522727411981 0
Q3 0 2042863157425705399 0
Q3 0 2042928374646030441 0
Q3 0 2042049857662148959 0
Q3 0 2042541694864744730 0
Q3 0 2041546858108276974 0
Q3 0 2041380070653125054 0
Q3 0 2042270245339942916 0
Q3 0 2044802741663371609 0
Q3 0 2042618286785880561 0
Q3 0 2042317564689211563 0
Q3 0 2042852748056465743 0
Q3 0 2042297432432615708 0
Q3 0 2042267020025074046 0
Q3 0 2042335225028686131 0
Q3 0 2040965512469926252 0
Q3 0 2042143766983614481 0
Q3 0 2041404640064114910 0
Q3 0 2041886044157575571 0
Q3 0 2042302427710300369 0
Q3 0 2042283564201279622 0
Q3 0 2041917081164120344 0
Q3 0 2041851209233977356 0
Q3 0 2041652041152377093 0
Q3 0 2041191059212861518 0
Q3 0 2041893075359035492 0
Q3 0 2042285167403024731 0
Q3 0 2045186303252414912 0
Q3 0 2041903768753651828 0
Q3 0 2042300396878586357 0
Q3 0 2044394981360599361 0
Q3 0 2041472008869851408 0
Q3 0 2042332581614477464 0
Q3 0 2042933456632447058 0
Q3 0 2040890026045624788 0
Q4 0 2045182017164460103 1
Q4 0 2043861041239732242 1
Q4 0 2040167014103420981 1
Q4 0 2040366837419171895 1
Q4 0 2043796366342705288 1
Q4 0 2039874315106349127 1
Q4 0 2044409463315050798 1
Q4 0 2039598713476465113 1
Q4 0 2045185691781365766 1
Q4 0 2041570774604017795 1
Q4 0 2040768916213936229 1
Q4 0 2042907173387415818 1
Q4 0 2042016192261415250 1
Q4 0 2044558953883844890 1
Q4 0 2041994645157159342 1
Q4 0 2040317285567693027 1
Q4 0 2045183966756696175 1
Q4 0 2044483418298151413 1
Q4 0 2039668667571437732 1
Q4 0 2045177219807433063 1
Q4 0 2039382820175671335 1
Q4 0 2042321356096704606 1
Q4 0 2044559952836973032 1
Q4 0 2042325121659293700 1
Q4 0 2044027456248787389 1
Q4 0 2040772082955595961 1
Q4 0 2045183969789108529 1
Q4 0 2042960919446372739 1
Q4 0 2041472013743599651 1
Q4 0 2045180648722149625 1
Q4 0 2043211582352634038 0
Q4 0 2040799039826882648 0
Q4 0 2041475150059827332 0
Q4 0 2042503471409082471 0
Q4 0 2044272929626575080 0
Q4 0 2041476728434897342 0
Q4 0 2041562899844333831 0
Q4 0 2041603215238594608 0
Q4 0 2042324795757371613 0
Q4 0 2044297895977902195 0
Q4 0 2042672833092870648 0
Q4 0 2044664521650762165 0
Q4 0 2043735749569458182 0
Q4 0 2040366113784004635 0
Q4 0 2042238848487620898 0
Q4 0 2042356295278202949 0
Q4 0 2040838004424708259 0
Q4 0 2044409455895326888 0
Q4 0 2041071249254764643 0
Q4 0 2044561681259332038 0
Q4 0 2040267376566878712 0
Q4 0 2044270455406596394 0
Q4 0 2042783154893635918 0
Q4 0 2045179964614656445 0
Q4 0 2044696673465565200 0
Q4 0 2043774522487140691 0
Q4 0 2040754946946285878 0
Q4 0 2042949435945009593 0
Q4 0 2043882223728791918 0
Q4 0 2044287954894340375 0
Q4 0 2043220781824618698 0
Q4 0 2039528544825647122 0
Q4 0 2045181707087954433 0
Q4 0 2042302858930885047 0
Q4 0 2043275331604234371 0
Q4 0 2040755876144017464 0
Q4 0 2045180447928533389 0
Q4 0 2040414907506814976 0
Q4 0 2040118894267076650 0
Q4 0 2044294073939316898 0
Q4 0 2043729009272660318 0
Q4 0 2042726616460038633 0
Q4 0 2041287377302467039 0
Q4 0 2045179741519667672 0
Q4 0 2044779117271544222 0
Q4 0 2044961292134515068 0
Q4 0 2043334979820675327 0
Q4 0 2044446007568519637 0
Q4 0 2045185535589900569 0
Q4 0 2044345792069013761 0
Q4 0 2045184268431683780 0
Q4 0 2044335141699609006 0
Q4 0 2041583862732747089 0
Q4 0 2044394373178171793 0
Q4 0 2041031636561891730 0
Q4 0 2044799077099962436 0
Q4 0 2039510695180468416 0
Q4 0 2041174137926811788 0
Q4 0 2044413844357820500 0
Q4 0 2039589086202122245 0
Q4 0 2044694972495196647 0
Q4 0 2044487789790826689 0
Q4 0 2039702175493013817 0
Q4 0 2041174253706572123 0
Q4 0 2040209798050853276 0
Q4 0 2040349498388427212 0
Q4 0 2040369758529347615 0
Q4 0 2045180818797043972 0
Q4 0 2041626099197550693 0
Q4 0 2045177602952831444 0
Q5 0 2044151465963315709 1
Q5 0 2044028678770663786 1
Q5 0 2042287412009656760 1
Q5 0 2040710274886377858 1
Q5 0 2043231117063627189 1
Q5 0 2041569655966581120 1
Q5 0 2041574898573718006 1
Q5 0 2042113595358507188 1
Q5 0 2042459206507205106 1
Q5 0 2041401302710673437 1
Q5 0 2041908936853655586 1
Q5 0 2043697133337886767 1
Q5 0 2043987368923852949 1
Q5 0 2041570735337173431 1
Q5 0 2039229131838136535 1
Q5 0 2040124414482940060 1
Q5 0 2041530738961445179 1
Q5 0 2041580434447110275 1
Q5 0 2040831312517292137 1
Q5 0 2040399806049161463 1
Q5 0 2044433130241540567 1
Q5 0 2040884432211460235 1
Q5 0 2040882419645948103 1
Q5 0 2042519262321951016 1
Q5 0 2045184571810132448 1
Q5 0 2041538522633417145 1
Q5 0 2039735652187623658 1
Q5 0 2041741689019040044 1
Q5 0 2040141117602054506 1
Q5 0 2044135044751495559 1
Q5 0 2043150514972487688 0
Q5 0 1874527860947558504 0
Q5 0 2040756024513069076 0
Q5 0 2041526166515859805 0
Q5 0 2044474609899085889 0
Q5 0 2039807395476525178 0
Q5 0 2041243143589523807 0
Q5 0 2041952434038136921 0
Q5 0 2044503820391125052 0
Q5 0 2043676341996777688 0
Q5 0 2039887864637403309 0
Q5 0 2044524938258714901 0
Q5 0 2043324199582810508 0
Q5 0 2043360544913084925 0
Q5 0 2039776501445398743 0
Q5 0 2039365450174202191 0
Q5 0 2041910872004600150 0
Q5 0 2043660123357507856 0
Q5 0 2041794625048891500 0
Q5 0 2041520728902709324 0
Q5 0 2042293039465394186 0
Q5 0 2041798397158416450 0
Q5 0 2039354369708380269 0
Q5 0 2041951355691008264 0
Q5 0 2041704688362631369 0
Q5 0 2040020365703811202 0
Q5 0 2042957078097232040 0
Q5 0 2043683142658064809 0
Q5 0 2040563514155102286 0
Q5 0 2045149004632359126 0
Q5 0 2041722499772354737 0
Q5 0 2039280096024908046 0
Q5 0 2040952710909063637 0
Q5 0 2041463481812017630 0
Q5 0 2042807349069451734 0
Q5 0 2041492164266631468 0
Q5 0 2043007096044552669 0
Q5 0 2044842193660117084 0
Q5 0 2038622676156141893 0
Q5 0 2043254522584137783 0
Q5 0 2044386854863011983 0
Q5 0 2043016766616416531 0
Q5 0 2039582576105660615 0
Q5 0 2043781639528935655 0
Q5 0 2041570112176836786 0
Q5 0 2042374340575183282 0
Q5 0 2041597025280577582 0
Q5 0 2042156225819795754 0
Q5 0 2042178945487884658 0
Q5 0 2044816408111149081 0
Q5 0 2042661659186204958 0
Q5 0 2043718171299832117 0
Q5 0 2041843172192534726 0
Q5 0 2044701855150649639 0
Q5 0 2043464433112956932 0
Q5 0 2042762050942742835 0
Q5 0 2044170047426572431 0
Q5 0 2041504103399104774 0
Q5 0 2044018281905041542 0
Q5 0 2039281739441242360 0
Q5 0 2043445701372260839 0
Q5 0 2044103379907952982 0
Q5 0 2039693066047758637 0
Q5 0 2043970998320701826 0
Q5 0 2038688552460898465 0
Q5 0 2041602665671467013 0
Q5 0 2043249009490571292 0
Q5 0 2045145506066927634 0
Q5 0 2042141730732937658 0
Q5 0 2044016981729214553 0
Q6 0 2045854218313994412 1
Q6 0 2044806410421014539 1
Q6 0 2048819968066601137 1
Q6 0 2048818783918100964 1
Q6 0 2046233734374916125 1
Q6 0 2047014121581797724 1
Q6 0 2047955713931067857 1
Q6 0 2044870335263043852 1
Q6 0 2047413283544514966 1
Q6 0 2048057330646794353 1
Q6 0 2048842708383351245 1
Q6 0 2048820944366690678 1
Q6 0 2045057277573341580 1
Q6 0 2048662178207838663 1
Q6 0 2047663691383054408 1
Q6 0 2044766777586909200 1
Q6 0 2048760717889962123 1
Q6 0 2047415145907777824 1
Q6 0 2045646256064643197 1
Q6 0 2048038361479122964 1
Q6 0 2046018552008724762 1
Q6 0 2044634246187213163 1
Q6 0 2048613789340188783 1
Q6 0 2046979003790049522 1
Q6 0 2045172271749210152 1
Q6 0 2046815325488894339 1
Q6 0 2046342270647959913 1
Q6 0 2045878465266700790 1
Q6 0 2048865906802016484 1
Q6 0 2045272680677736708 1
Q6 0 2046233735926870401 0
Q6 0 2045453318831431934 0
Q6 0 2047409326067732832 0
Q6 0 2047757599194431660 0
Q6 0 2047473093048709210 0
Q6 0 2047269506855182701 0
Q6 0 2045903053191082487 0
Q6 0 2048856107787927748 0
Q6 0 2045871173804646794 0
Q6 0 2048677465795473468 0
Q6 0 2048819911363866949 0
Q6 0 2044613514615263245 0
Q6 0 2046173898195030158 0
Q6 0 2045262059424628801 0
Q6 0 2048871108032561645 0
Q6 0 2045188351758594060 0
Q6 0 2046648185796370782 0
Q6 0 2044635509708984323 0
Q6 0 2046575815307989434 0
Q6 0 2046955093254197487 0
Q6 0 2045621098717364360 0
Q6 0 2046394046713852237 0
Q6 0 2048030725010591762 0
Q6 0 2046568963987923112 0
Q6 0 2047138288771977580 0
Q6 0 2045465117014237265 0
Q6 0 2045799554495213825 0
Q6 0 2044522905078321383 0
Q6 0 2044511083344630024 0
Q6 0 2045117788017119524 0
Q6 0 2046267651001897087 0
Q6 0 2047264092721738060 0
Q6 0 2044477975891214456 0
Q6 0 2046236261933887668 0
Q6 0 2045706412005720208 0
Q6 0 2047554661314666832 0
Q6 0 2047410594555580916 0
Q6 0 2047069181305344444 0
Q6 0 2045146938140426548 0
Q6 0 2047621792647516634 0
Q6 0 2047403471570194857 0
Q6 0 2045263017026494471 0
Q6 0 2048477209359532444 0
Q6 0 2046895116154003675 0
Q6 0 2045628259270832143 0
Q6 0 2045456939425870029 0
Q6 0 2046686350921912408 0
Q6 0 2046935380688023814 0
Q6 0 2048796160815489103 0
Q6 0 2045945205082194360 0
Q7 0 2047282289013608495 1
Q7 0 2046421215376535802 1
Q7 0 2044826610986106880 1
Q7 0 2046964720662700208 1
Q7 0 2044146808599822639 1
Q7 0 2047755809891688698 1
Q7 0 2044910536010400019 1
Q7 0 2043029636884443533 1
Q7 0 2046298462392852931 1
Q7 0 2046915384524116135 1
Q7 0 2046381968686764174 1
Q7 0 2048828259060593030 1
Q7 0 2046248381555540038 1
Q7 0 2048828220884017394 1
Q7 0 2046564707356598703 1
Q7 0 2048794358732787732 1
Q7 0 2046550610099716577 1
Q7 0 2044657289013920052 1
Q7 0 2045457438019633664 1
Q7 0 2048828240018407491 1
Q7 0 2048711128012689862 1
Q7 0 2043295874273419344 1
Q7 0 2048869075992838272 1
Q7 0 2044303550189043915 1
Q7 0 2048696289286615042 1
Q7 0 2044970108112552145 1
Q7 0 2043723895178449312 1
Q7 0 2048353442515624379 1
Q7 0 2043676991732306421 1
Q7 0 2042950750091817236 1
Q7 0 2048404653998477333 0
Q7 0 2043294551365070967 0
Q7 0 2047409792101318896 0
Q7 0 2044295111748501523 0
Q7 0 2047813961714700686 0
Q7 0 2043436654187118754 0
Q7 0 2048121340914528385 0
Q7 0 2047698365622698456 0
Q7 0 2047140904478409130 0
Q7 0 2045310284508860891 0
Q7 0 2043295961464643755 0
Q7 0 2048869478507663542 0
Q7 0 2048848405376430129 0
Q7 0 2044928832424272027 0
Q7 0 2048066267827888530 0
Q7 0 2043830569474076893 0
Q7 0 2048295197004427482 0
Q7 0 2046497767447547978 0
Q7 0 2047201510388613264 0
Q7 0 2046682037839397345 0
Q7 0 2044447797852639628 0
Q7 0 2048118717326745769 0
Q7 0 2044824726632083615 0
Q7 0 2048055809368826278 0
Q7 0 2048867128061874545 0
Q7 0 2047796977128374524 0
Q7 0 2047646690220372373 0
Q7 0 2048385242709262492 0
Q7 0 2046161709765640543 0
Q7 0 2045709923116564959 0
Q7 0 2044363403611791570 0
Q7 0 2046332028795187380 0
Q7 0 2043266944996938169 0
Q7 0 2047326979540627886 0
Q7 0 2046234038097097045 0
Q7 0 2046718176524894668 0
Q7 0 2047442659912868078 0
Q7 0 2046997632929677599 0
Q7 0 2043151110840660459 0
Q7 0 2043105989088677902 0
Q7 0 2048864228614779183 0
Q7 0 2043738214301864158 0
Q7 0 2046251972395712960 0
Q7 0 2046965045863580150 0
Q7 0 2047953634575679565 0
Q7 0 2046610689666535893 0
Q7 0 2042805086842212601 0
Q7 0 2048863336180126014 0
Q7 0 2047752132217155631 0
Q7 0 2045380851697946805 0
Q7 0 2047713817660985430 0
Q7 0 2044582049508479018 0
Q7 0 2048238460453171698 0
Q7 0 2043178406632632532 0
Q7 0 2047808952667144351 0
Q7 0 2048494873632743657 0
Q7 0 2048509127878455689 0
Q7 0 2048870051478921256 0
Q7 0 2045193824704610668 0
Q7 0 2048082605221028035 0
Q7 0 2045281214689341918 0
Q7 0 2043849149976649952 0
Q7 0 2046347138733416901 0
Q7 0 2047695222121865258 0
Q7 0 2048563638408216955 0
Q7 0 2048862818175443305 0
Q7 0 2048866818828419200 0
Q7 0 2048869798981845261 0
Q7 0 2048313961767162334 0
Q7 0 2048207000001986657 0
Q8 0 2048863181079027871 1
Q8 0 2041865568660418963 1
Q8 0 2041785127701807519 1
Q8 0 2045384275198087343 1
Q8 0 2039836220000243820 1
Q8 0 2041798828383465604 1
Q8 0 2048864451542090083 1
Q8 0 2046424835996172659 1
Q8 0 2036081126448517350 1
Q8 0 2043142301602439409 1
Q8 0 2048870607580987646 1
Q8 0 2048861497808322763 1
Q8 0 2048068534106800339 1
Q8 0 2048861061684548094 1
Q8 0 2047383220019204199 1
Q8 0 2036688879537840252 1
Q8 0 2048866939624444076 1
Q8 0 2043673371095765094 1
Q8 0 2047655390058361230 1
Q8 0 2046393205902692468 1
Q8 0 2048067114183897189 1
Q8 0 2048103444393717773 1
Q8 0 2048863802750374390 1
Q8 0 2048862665540501975 1
Q8 0 2046024977762365620 1
Q8 0 2030224566019121568 1
Q8 0 2048199555838017732 1
Q8 0 2038591924236333512 1
Q8 0 2045650228385136815 1
Q8 0 2048085092631814408 1
Q8 0 2048861999115673700 0
Q8 0 2036717371478749670 0
Q8 0 2046662785975922796 0
Q8 0 2048863315871293877 0
Q8 0 2043310763645759977 0
Q8 0 2048067245767577723 0
Q8 0 2048862253638692915 0
Q8 0 2048863191980179596 0
Q8 0 2037139379207233737 0
Q8 0 2048865031790514606 0
Q8 0 2048862900371038231 0
Q8 0 2048497864913895471 0
Q8 0 2048663316562575524 0
Q8 0 2048870787080204546 0
Q8 0 2048327038268789216 0
Q8 0 2043351179036393719 0
Q8 0 2046764416352354572 0
Q8 0 2046979696521519225 0
Q8 0 2046325406664708411 0
Q8 0 2045168585937436737 0
Q8 0 2043162951033499849 0
Q8 0 2048680538840633391 0
Q8 0 2048503105856151903 0
Q8 0 1906340705770864714 0
Q8 0 2048499343116693944 0
Q8 0 2048562858141892866 0
Q8 0 2046811080349909301 0
Q8 0 2048647960137724281 0
Q8 0 2048016696972353750 0
Q8 0 2048183203182309792 0
Q8 0 2018438137471435222 0
Q8 0 2048863046810923493 0
Q8 0 2045948971156120011 0
Q8 0 2047005090309882094 0
Q8 0 1866249346804818144 0
Q8 0 2048573900209246443 0
Q8 0 2048015658604961955 0
Q8 0 2047670789760282968 0
Q8 0 2029353058178601343 0
Q8 0 2043281166854226216 0
Q8 0 2045651310784209126 0
Q8 0 2041047451784638912 0
Q8 0 2048053251971625332 0
Q8 0 2046745061589963001 0
Q8 0 2048869826332930494 0
Q8 0 2041749886211969208 0
Q8 0 2046682606838657098 0
Q8 0 2048546343317069946 0
Q8 0 2048172148280221731 0
Q8 0 2048191657917722986 0
Q8 0 2037253007566319945 0
Q8 0 2045951153452564954 0
Q8 0 2036373471920259439 0
Q8 0 2048025596786323457 0
Q8 0 2048009039129276470 0
Q8 0 2048869514914185687 0
Q8 0 2033191631386538322 0
Q8 0 2048861390262202729 0
Q8 0 2048867533659181168 0
Q8 0 2043299405789339826 0
Q8 0 2047673752284995672 0
Q8 0 2047671446856696170 0
Q8 0 2048866585159319775 0
Q8 0 2047849062993379661 0
Q8 0 2043409989276954653 0
Q8 0 2048100978264563863 0
Q8 0 2047708999231918415 0
Q8 0 2048867429317804319 0
Q8 0 2048111375130431870 0
Q8 0 2043146371935658090 0
Q9 0 2045044242003759454 1
Q9 0 2047002076543135803 1
Q9 0 2027774409100914831 1
Q9 0 2048425099083334087 1
Q9 0 2046998693245837362 1
Q9 0 2045066100329869367 1
Q9 0 2047061013124505663 1
Q9 0 2047272034808320277 1
Q9 0 2046997040899469628 1
Q9 0 2048817604832202905 1
Q9 0 2047014209909924277 1
Q9 0 2046991950067507599 1
Q9 0 2026553290209841585 1
Q9 0 2047004905764979041 1
Q9 0 2048425323168174117 1
Q9 0 2041867380536586258 1
Q9 0 2048862555251069363 1
Q9 0 2048862226497552644 1
Q9 0 2048871177616032053 1
Q9 0 1900249308940906930 1
Q9 0 2046992737501597698 1
Q9 0 2015818046351278454 1
Q9 0 2048872539481412070 1
Q9 0 2046999031411576981 1
Q9 0 2048866579103027336 1
Q9 0 2044347009037963731 1
Q9 0 2047475996031377646 1
Q9 0 2025195552124678411 1
Q9 0 2030741573902991501 1
Q9 0 1934181816602141136 1
Q9 0 2047016641532252373 0
Q9 0 2047450380393721896 0
Q9 0 2035462862164955557 0
Q9 0 2016504995714396639 0
Q9 0 2029277509796413886 0
Q9 0 2042134514127024398 0
Q9 0 2017932621334888657 0
Q9 0 2047015083272765649 0
Q9 0 2038326777609695412 0
Q9 0 2046994829633372423 0
Q9 0 2031519345298264120 0
Q9 0 2047037956687368343 0
Q9 0 2042407893463343228 0
Q9 0 1779276643686597087 0
Q9 0 2018824231119896590 0
Q9 0 2048869798981845261 0
Q9 0 1933843108980265378 0
Q9 0 2018631959778336916 0
Q9 0 1860377407829512413 0
Q9 0 2007836938393502149 0
Q9 0 2040799046483472642 0
Q9 0 2016487758034796891 0
Q9 0 1934644930758213759 0
Q9 0 2047071645597405362 0
Q9 0 2047355833223139490 0
Q9 0 1984196797049225597 0
Q9 0 2047000487208083890 0
Q9 0 2047604702012199220 0
Q9 0 2042723002635424084 0
Q9 0 2048863218584482119 0
Q9 0 1828160102756450657 0
Q9 0 1972346397333831711 0
Q9 0 2041022588797747485 0
Q9 0 1862935457606062359 0
Q9 0 2046992567300960287 0
Q9 0 2031247080501440648 0
Q9 0 2046486706262516035 0
Q9 0 2047106223980347715 0
Q9 0 2048866862159601916 0
Q9 0 2046986202671116388 0
Q9 0 2047038982446584046 0
Q9 0 2047562261779349575 0
Q9 0 2048076109174993201 0
Q9 0 2046988588076634133 0
Q9 0 2047000006243053672 0
Q9 0 2047065635700519278 0
Q9 0 1841201920490553354 0
Q9 0 2042115534410387856 0
Q9 0 2046988271725482398 0
Q9 0 2046996260528292067 0
Q9 0 1808847987973439820 0
Q9 0 2048872172249305595 0
Q9 0 2047226820093981066 0
Q9 0 1937496798362501452 0
Q9 0 2046992102303633889 0
Q9 0 2028524423696032098 0
Q9 0 2048862632174563586 0
Q9 0 2048871823966970167 0
Q9 0 1934958751733162275 0
Q9 0 1946292278231752836 0
Q9 0 2047004229529997566 0
Q9 0 2047048929603113272 0
Q9 0 2047039228509303216 0
Q9 0 2047071646335574428 0
Q9 0 2048866743200911603 0
Q9 0 2046990698574991519 0
Q9 0 1934880300389335179 0
Q9 0 2048864769998725386 0
Q9 0 2048864557435936969 0
Q9 0 1851088379087118605 0
Q10 0 2048036263505154515 1
Q10 0 2047365076714401993 1
Q10 0 2048868063194526127 1
Q10 0 2048870455700750498 1
Q10 0 2048872964100112624 1
Q10 0 2046630390757302671 1
Q10 0 2048867269246431579 1
Q10 0 1975208343934488892 1
Q10 0 2047389080695328842 1
Q10 0 2048872021476417658 1
Q10 0 2048871390820913221 1
Q10 0 2023739392066556120 1
Q10 0 2046605252250767422 1
Q10 0 2046603487971336511 1
Q10 0 2048748443687141599 1
Q10 0 2027720972309340330 1
Q10 0 2046567139101016463 1
Q10 0 2034312521167876194 1
Q10 0 2048868167381057881 1
Q10 0 2033152984365027591 1
Q10 0 2030923910649086109 1
Q10 0 2019794248233570718 1
Q10 0 2046562908285399484 1
Q10 0 2048862167915503949 1
Q10 0 2047488443333370267 1
Q10 0 2048709928647344633 1
Q10 0 2047148507920748749 1
Q10 0 2048843228292743422 1
Q10 0 2046565898706645291 1
Q10 0 2048865202947682391 1
Q10 0 2048863270937772258 0
Q10 0 2041916543475273795 0
Q10 0 2040106314265661953 0
Q10 0 2048869044476858527 0
Q10 0 2045478539915628670 0
Q10 0 2046858724367888407 0
Q10 0 1933624929146319153 0
Q10 0 2039799976532770981 0
Q10 0 2048867948442329449 0
Q10 0 2046591902493892952 0
Q10 0 1933631923470872734 0
Q10 0 2045954775464747010 0
Q10 0 2047764663035986009 0
Q10 0 2041517601319514498 0
Q10 0 2048620972471927104 0
Q10 0 2048870005064790136 0
Q10 0 2047109318873399388 0
Q10 0 1933634371430592864 0
Q10 0 2032495783161852035 0
Q10 0 2047278856386593280 0
Q10 0 1937496710059565219 0
Q10 0 2046561418204598664 0
Q10 0 1936850868655022452 0
Q10 0 2024453604128522410 0
Q10 0 2037135320559550469 0
Q10 0 2035736886304723059 0
Q10 0 1933877386778669521 0
Q10 0 2047769366650052800 0
Q10 0 1933859267422888073 0
Q10 0 1935667015382937624 0
Q10 0 2047996842839851127 0
Q10 0 2023929459003342954 0
Q10 0 2041257970126790782 0
Q10 0 1934024124676096318 0
Q10 0 2047407910670524637 0
Q10 0 1963237063429337106 0
Q10 0 2046533917256114488 0
Q10 0 2046880915184615757 0
Q10 0 2039162364579156192 0
Q10 0 1936924624799039922 0
Q10 0 2043758637366087952 0
Q10 0 1937091808774803843 0
Q10 0 2019791359498920260 0
Q10 0 2036027055003881722 0
Q10 0 2048346160507609301 0
Q10 0 1944823316537016802 0
Q10 0 2048867820474073565 0
Q10 0 2047732300750938301 0
Q10 0 2048868969210429866 0
Q10 0 2048867875369230579 0
Q10 0 2028994965246824721 0
Q10 0 1935048681142747412 0
Q10 0 2015337785000153258 0
Q10 0 2048863550471540843 0
Q10 0 2046691700546904495 0
Q10 0 2047815603105231185 0
Q10 0 2048734714517696540 0
Q10 0 2035916318826721765 0
Q10 0 2032696529799323666 0
Q10 0 2047072394343305470 0
Q10 0 2048868836019957787 0
Q10 0 2047770030348419270 0
Q10 0 2032091960664592554 0
Q10 0 1934252005893251207 0
Q10 0 2028420681340211294 0
Q10 0 2047119120102043775 0
Q10 0 1935655531315868154 0
Q10 0 2022807460583489879 0
Q10 0 1937280338733982195 0
Q10 0 1924347769172496806 0
Q11 0 2048864921954213989 1
Q11 0 2042090753170514277 1
Q11 0 2035893718817902639 1
Q11 0 2048868436340879402 1
Q11 0 2047697940588937677 1
Q11 0 2041887102116217327 1
Q11 0 2047391298827812867 1
Q11 0 2048602483350458692 1
Q11 0 2047254953602015530 1
Q11 0 2048870455700750498 1
Q11 0 2047393600804167832 1
Q11 0 2035952139743166848 1
Q11 0 2041905440301441174 1
Q11 0 2035098211954958403 1
Q11 0 2046371445580894632 1
Q11 0 2047407649063407937 1
Q11 0 2033996701229584686 1
Q11 0 2041606217706221707 1
Q11 0 2037731453426171974 1
Q11 0 2041660567145083146 1
Q11 0 2035674476554469647 1
Q11 0 2041722288253604025 1
Q11 0 2035174062436065533 1
Q11 0 2047824780980851007 1
Q11 0 2046589996472336506 1
Q11 0 2034645865785381329 1
Q11 0 2038109284328702387 1
Q11 0 2035607926987980885 1
Q11 0 2048280554282569905 1
Q11 0 2048680298448097668 1
Q11 0 2048442703126335971 0
Q11 0 2034355747816095980 0
Q11 0 2046363161402749057 0
Q11 0 2048868676326359088 0
Q11 0 2048340330873840047 0
Q11 0 2048137582253310210 0
Q11 0 2047386859630915724 0
Q11 0 2048864207743910132 0
Q11 0 2048694772076847570 0
Q11 0 2033422071846293859 0
Q11 0 2032778904671498598 0
Q11 0 2035849591845961746 0
Q11 0 2047478866776920494 0
Q11 0 2035551168508608701 0
Q11 0 2047384774302667182 0
Q11 0 2033686487901081629 0
Q11 0 2041679790172991726 0
Q11 0 2047223224987971874 0
Q11 0 2047390568272052558 0
Q11 0 2034836388324233281 0
Q11 0 2047390467700981969 0
Q11 0 2048472853289357475 0
Q11 0 2034027743327772929 0
Q11 0 2041078469769998776 0
Q11 0 2031328719156163034 0
Q11 0 2047391922092712178 0
Q11 0 2037717321142489243 0
Q11 0 2047053696177930721 0
Q11 0 2039963375589839232 0
Q11 0 2040403610974978364 0
Q11 0 2047382788236840962 0
Q11 0 2037998909721813233 0
Q11 0 2041669140998713839 0
Q11 0 2047062739475206383 0
Q11 0 2036550963004056040 0
Q11 0 2047398030425706733 0
Q11 0 2035924851580391648 0
Q11 0 2037145041563521032 0
Q11 0 2047397392215880075 0
Q11 0 2047359007195623860 0
Q11 0 2048087735135572029 0
Q11 0 2037052767236186441 0
Q11 0 2041816019128217725 0
Q11 0 2038215691078402247 0
Q11 0 2034814871582204142 0
Q11 0 2038215181587861885 0
Q11 0 2041822107403948324 0
Q11 0 2032828238381162937 0
Q11 0 2047104242201289149 0
Q11 0 2034641668595409376 0
Q11 0 2033685430307016764 0
Q11 0 2030420890270515558 0
Q11 0 2041080469106966918 0
Q11 0 2033192516615323843 0
Q11 0 2034880867584057792 0
Q11 0 2033754639695548741 0
Q11 0 2047403817122058425 0
Q11 0 2034285143792267609 0
Q11 0 2041087535917449714 0
Q11 0 2047499113944564046 0
Q11 0 2034353149658439898 0
Q11 0 2048649637255688628 0
Q11 0 2031716160626905123 0
Q11 0 2047393080764989674 0
Q11 0 2035097316001034646 0
Q11 0 2034156982202994729 0
Q11 0 2048376992060293546 0
Q11 0 2047393984960757975 0
Q11 0 2048070302815404175 0
Q11 0 2048384076479127830 0
Q12 0 2039404316499329148 1
Q12 0 2048663817924542875 1
Q12 0 2028401891827429598 1
Q12 0 2048836173578064261 1
Q12 0 2048867198861824294 1
Q12 0 2048143242164871421 1
Q12 0 2027692141816725545 1
Q12 0 2048130296168493363 1
Q12 0 2048871805348143154 1
Q12 0 2048156083080806712 1
Q12 0 2012119808247300132 1
Q12 0 2048133444048421104 1
Q12 0 2048872338771308862 1
Q12 0 2024792429602410550 1
Q12 0 2048119482221027624 1
Q12 0 1935030218672275634 1
Q12 0 2048507203267502464 1
Q12 0 2048171140707975549 1
Q12 0 2048579620564598852 1
Q12 0 2048143634751512697 1
Q12 0 2048557741661434249 1
Q12 0 2027836756066779496 1
Q12 0 2048645176231370877 1
Q12 0 2027703768276475958 1
Q12 0 2011588435195085209 1
Q12 0 2048107271591469269 1
Q12 0 2028505430029218222 1
Q12 0 2034882184406770102 1
Q12 0 1844028835995832450 1
Q12 0 2027691404617785640 1
Q12 0 2029674818270851225 0
Q12 0 2048129375758127530 0
Q12 0 2048143118420054518 0
Q12 0 2048434388371701983 0
Q12 0 2027817530560041256 0
Q12 0 1936484813613191303 0
Q12 0 2029738107889762388 0
Q12 0 2047947584921030949 0
Q12 0 2047270750164492555 0
Q12 0 2036335133058281888 0
Q12 0 2033654055461961758 0
Q12 0 2039771098665947512 0
Q12 0 2048200485317103726 0
Q12 0 2027800204225749004 0
Q12 0 2029890768882540546 0
Q12 0 2027690712213401732 0
Q12 0 2048279303977386131 0
Q12 0 2048864126428921906 0
Q12 0 2048308576943235310 0
Q12 0 2048149889620578517 0
Q12 0 2048301214538879400 0
Q12 0 2048093745980244284 0
Q12 0 2040105690447151132 0
Q12 0 2048868676326359088 0
Q12 0 2048314091232547225 0
Q12 0 2048146883697140014 0
Q12 0 2036101659756011700 0
Q12 0 2048787809897521208 0
Q12 0 2048374259257344450 0
Q12 0 2048868589256556919 0
Q12 0 2046378904496029723 0
Q12 0 2048407762976072111 0
Q12 0 2028301122587508898 0
Q12 0 2036566404967833658 0
Q12 0 2048059931744461200 0
Q12 0 2027673156136407536 0
Q12 0 2027700084624814585 0
Q12 0 2027820381554327728 0
Q12 0 2041512468434845888 0
Q12 0 2027770360075075604 0
Q12 0 2028355906837061645 0
Q12 0 2048147024743465063 0
Q12 0 2048386725727375843 0
Q12 0 2046852823531270214 0
Q12 0 2028968010401112477 0
Q12 0 2048106949665817078 0
Q12 0 2036273723724935319 0
Q12 0 2028168447515828293 0
Q12 0 2048726332910256448 0
Q12 0 2048783738973061497 0
Q12 0 2048871764030115992 0
Q12 0 2048402431873302656 0
Q12 0 2031905602104856771 0
Q12 0 2048866930660970945 0
Q12 0 2047609684664934623 0
Q12 0 2048050532896723098 0
Q12 0 2035101892561231967 0
Q12 0 2027703830788383048 0
Q12 0 2027963709419884746 0
Q12 0 1937191397657821586 0
Q12 0 2027704187673276537 0
Q12 0 2048158807637864833 0
Q12 0 2048668712199422118 0
Q12 0 2030395820680298844 0
Q12 0 2048771812654211494 0
Q12 0 2036100542041084173 0
Q12 0 2048842095763554493 0
Q12 0 2048700709571346718 0
Q12 0 2048600538158354671 0
Q12 0 1933781354954551464 0
Q13 0 2037104630648205625 1
Q13 0 2036269205125824718 1
Q13 0 1851722418638798923 1
Q13 0 2036809066199048429 1
Q13 0 2029336641756635523 1
Q13 0 2034579403686945225 1
Q13 0 2038983137867501990 1
Q13 0 1933758872864301561 1
Q13 0 2048828160398049583 1
Q13 0 2047805235070894590 1
Q13 0 2030631265330757701 1
Q13 0 1850490823873298639 1
Q13 0 2034624458149724583 1
Q13 0 2047933250161856926 1
Q13 0 2037654779435044995 1
Q13 0 2032640558200483965 1
Q13 0 2027712646057787443 1
Q13 0 2047371195926946227 1
Q13 0 2046697856954671373 1
Q13 0 2048711128012689862 1
Q13 0 2041915703469453377 1
Q13 0 1851879157862387912 1
Q13 0 2046598411789512848 1
Q13 0 2034399365217808493 1
Q13 0 2040452738656448835 1
Q13 0 2046827611159159093 1
Q13 0 2031305810039763131 1
Q13 0 2047379283614867826 1
Q13 0 2047035267417022961 1
Q13 0 2047342433017446444 1
Q13 0 1954519335281496426 0
Q13 0 2046618782056038597 0
Q13 0 2048805374593990876 0
Q13 0 2047955046751785046 0
Q13 0 2048325623500947654 0
Q13 0 1820093669862686998 0
Q13 0 2046952563124077027 0
Q13 0 2030821412131467537 0
Q13 0 1850575486625124672 0
Q13 0 2048121681336574160 0
Q13 0 2038317921009643652 0
Q13 0 2048874952430919744 0
Q13 0 2048681132904919250 0
Q13 0 2042050372001239509 0
Q13 0 1933807429126345011 0
Q13 0 2047790414397047245 0
Q13 0 2043246584914387344 0
Q13 0 2046638623194526053 0
Q13 0 1724462743644762434 0
Q13 0 1850758670176378956 0
Q13 0 1822989553084367168 0
Q13 0 2038982517420683274 0
Q13 0 2030018564036423995 0
Q13 0 2030746505104200040 0
Q13 0 2046980674402357530 0
Q13 0 2047630315540107408 0
Q13 0 2048868591747956962 0
Q13 0 2046388892715409896 0
Q13 0 2046965623234928868 0
Q13 0 2048872171494428714 0
Q13 0 2036733728089588137 0
Q13 0 2032465903254986814 0
Q13 0 2046661120736309316 0
Q13 0 2047259004896735734 0
Q13 0 2041666758847688865 0
Q13 0 2048131882404233372 0
Q13 0 2048451022755106994 0
Q13 0 2047780910364582115 0
Q13 0 2047055494313836743 0
Q13 0 2046777925035266491 0
Q13 0 2034839485947478128 0
Q13 0 2047383713709691293 0
Q13 0 2048870174153981978 0
Q13 0 2048162359458353312 0
Q13 0 2034854340335137218 0
Q13 0 2048874279215788125 0
Q13 0 2036509363200774410 0
Q13 0 2047178797619814443 0
Q13 0 1851897289595318783 0
Q13 0 2028272290475999405 0
Q13 0 1856766388846711205 0
Q13 0 2046644760387977228 0
Q13 0 2035336784557605176 0
Q13 0 2030007531775610952 0
Q13 0 2046715836707049606 0
Q13 0 2034413155271733601 0
Q13 0 2046619849976434782 0
Q13 0 2037937332687356059 0
Q13 0 2046970460441870619 0
Q13 0 1826552257242145274 0
Q13 0 2046586543238734175 0
Q13 0 2046958944178798991 0
Q13 0 2046605151545315615 0
Q13 0 2033377447450964091 0
Q13 0 1819366242752381169 0
Q13 0 2046582380710732249 0
Q13 0 2036607372353761763 0
Q13 0 2047362486492369035 0
Q13 0 2048137391207014828 0
Q13 0 2046566030781403231 0
Q14 0 2047939001479278912 1
Q14 0 2048079872099004687 1
Q14 0 2014816371100578139 1
Q14 0 2030463823069516071 1
Q14 0 2047755173305757721 1
Q14 0 2046661853959598536 1
Q14 0 2033144860669264190 1
Q14 0 2046658101491720642 1
Q14 0 2048868827450966192 1
Q14 0 2046674078375776621 1
Q14 0 2038576276240236781 1
Q14 0 2043229398384435244 1
Q14 0 2014750295176491228 1
Q14 0 2030659811931754633 1
Q14 0 2046670734114849084 1
Q14 0 2047752934382014562 1
Q14 0 2016506955494240575 1
Q14 0 2025451826724712953 1
Q14 0 2024500690027208943 1
Q14 0 2028667650050826446 1
Q14 0 2048864451542090083 1
Q14 0 2046622019941187771 1
Q14 0 2047747591656632586 1
Q14 0 2034056484393521636 1
Q14 0 2046657389945090386 1
Q14 0 2016895598029656493 1
Q14 0 2046653697132773561 1
Q14 0 2014331726869246354 1
Q14 0 2046665927136043498 1
Q14 0 2046654990656451068 1
Q14 0 2048547452417196087 0
Q14 0 2047800391090278437 0
Q14 0 2047812838157328514 0
Q14 0 2044869215371608485 0
Q14 0 2048073597105713274 0
Q14 0 2046758576073703596 0
Q14 0 2016656806647419384 0
Q14 0 2046913773370216485 0
Q14 0 2048871926169567260 0
Q14 0 2047749293017076115 0
Q14 0 2047754977662177556 0
Q14 0 2048866939624444076 0
Q14 0 2048408839385424288 0
Q14 0 2018978587957989848 0
Q14 0 2046652115922096257 0
Q14 0 2046709928560357658 0
Q14 0 2031838554096333167 0
Q14 0 2048868943092125790 0
Q14 0 2048381872443433371 0
Q14 0 2033311843691741646 0
Q14 0 2047827933784416401 0
Q14 0 2047748012819067131 0
Q14 0 2048641889440612617 0
Q14 0 2048866350328692925 0
Q14 0 2016536382521438325 0
Q14 0 2046653396032131225 0
Q14 0 2035435362823413815 0
Q14 0 2046651948384862473 0
Q14 0 2047938521550278709 0
Q14 0 2047105678855041133 0
Q14 0 2048802467320680497 0
Q14 0 2048873252328530178 0
Q14 0 2048866348626055398 0
Q14 0 2017161637883486218 0
Q14 0 2035567751700300249 0
Q14 0 2048827884567945709 0
Q14 0 2048875350587822147 0
Q14 0 2048870287299555592 0
Q14 0 2046665192885666190 0
Q14 0 2026841349144658351 0
Q14 0 2016937550007664811 0
Q14 0 2048866790344896636 0
Q14 0 2030971802059501604 0
Q14 0 2048058649403097155 0
Q14 0 2046677036417069365 0
Q14 0 2031840265162432709 0
Q14 0 2048365682392248431 0
Q14 0 2048670145598439903 0
Q14 0 2048321368333357347 0
Q14 0 2047950360002642189 0
Q14 0 2027821323104489833 0
Q14 0 2022839526369157596 0
Q14 0 2046839347761254759 0
Q14 0 2016924404110737805 0
Q14 0 2014756774889308205 0
Q14 0 2048867186307936550 0
Q14 0 2016893034512687533 0
Q14 0 2032657653063934095 0
Q14 0 2026533579027611847 0
Q14 0 2046654713081303548 0
Q14 0 2047784008742801912 0
Q14 0 2048865095837499854 0
Q14 0 2046666009809949154 0
Q14 0 2017133169082863969 0
Q14 0 2046931928226594903 0
Q14 0 2048867604736176454 0
Q14 0 2014297714532520030 0
Q14 0 2047205571288273084 0
Q14 0 2047748358983274887 0
Q14 0 2048871607444160652 0
Q15 0 2048872777457836193 1
Q15 0 2048876176534339874 1
Q15 0 2048057482749088227 1
Q15 0 2048871764030115992 1
Q15 0 2048872539481412070 1
Q15 0 2038225729683697841 1
Q15 0 2048867279757340851 1
Q15 0 2038072076980936902 1
Q15 0 2036829156558659670 1
Q15 0 2041959757636845879 1
Q15 0 2047643854350782970 1
Q15 0 2041466905806901569 1
Q15 0 2029094622061097322 1
Q15 0 2030967188664783315 1
Q15 0 2030329259902808452 1
Q15 0 2031837368852902011 1
Q15 0 2048874836483563938 1
Q15 0 2027772720734474741 1
Q15 0 2046574157526135069 1
Q15 0 2048467544491630867 1
Q15 0 2022681222506488265 1
Q15 0 2048865368886685904 1
Q15 0 2038727513984143424 1
Q15 0 2033223267507462375 1
Q15 0 2048074781908402653 1
Q15 0 2037229517329309703 1
Q15 0 2038676557946904747 1
Q15 0 2048872303446884659 1
Q15 0 2048874952430919744 1
Q15 0 2048869256750600629 1
Q15 0 2038136076062122451 0
Q15 0 2048870174153981978 0
Q15 0 2048876240199725557 0
Q15 0 2032452514520375609 0
Q15 0 2029716665466778008 0
Q15 0 2037906784120156459 0
Q15 0 2048826987599347919 0
Q15 0 2048181452903534818 0
Q15 0 2045216642972430734 0
Q15 0 2030090365664121126 0
Q15 0 2028830100486005088 0
Q15 0 2038397830595797403 0
Q15 0 2047317504364515693 0
Q15 0 2029846824194904295 0
Q15 0 2036887888537829525 0
Q15 0 2028825268551336375 0
Q15 0 2044031727975219499 0
Q15 0 2033091070943166830 0
Q15 0 2034028022253126090 0
Q15 0 2046933827033956551 0
Q15 0 2046740858750513552 0
Q15 0 2029940246251495557 0
Q15 0 2046549203522834842 0
Q15 0 2043441841287139504 0
Q15 0 2047652393584574735 0
Q15 0 2041254339197432164 0
Q15 0 2037669735735664735 0
Q15 0 2028814319601811754 0
Q15 0 2038600395610525878 0
Q15 0 2045323358410031448 0
Q15 0 2028279976378716256 0
Q15 0 2047118658938564621 0
Q15 0 2047035267417022961 0
Q15 0 2030636631758188773 0
Q15 0 2048081646767751239 0
Q15 0 2029717159853891755 0
Q15 0 2048537588051419208 0
Q15 0 2031457774433919269 0
Q15 0 2027747977176007017 0
Q15 0 2030033507754680461 0
Q15 0 2039746040421667267 0
Q15 0 2034825989407076837 0
Q15 0 2048052709723419034 0
Q15 0 2048866240945377415 0
Q15 0 2039722102211621256 0
Q15 0 2047926524494377295 0
Q15 0 2034334640257859943 0
Q15 0 2048870249714589982 0
Q15 0 2048674569305653487 0
Q15 0 2038331502967083358 0
Q15 0 2028640658672501100 0
Q15 0 2029274741144514981 0
Q15 0 2031021657121505622 0
Q15 0 2034420909340274812 0
Q15 0 2038438187677483463 0
Q15 0 2031497801784594896 0
Q15 0 2035690822985793613 0
Q15 0 2048126741944611327 0
Q15 0 2048871845722571242 0
Q15 0 2048869778022903947 0
Q15 0 2047037358067929475 0
Q15 0 2028181352357802241 0
Q15 0 2035987819181539426 0
Q15 0 2048865742603604443 0
Q15 0 2030676892978643452 0
Q15 0 2033597398182748469 0
Q15 0 2031177690204790988 0
Q15 0 2028843116623519871 0
Q15 0 2046622112132260185 0
Q15 0 2046844048351076728 0
Q16 0 2048111434660495650 1
Q16 0 2048072117598695522 1
Q16 0 2048068117830774997 1
Q16 0 2046640498916708617 1
Q16 0 2006962091991904333 1
Q16 0 2048865906802016484 1
Q16 0 2046639008391016467 1
Q16 0 2047784935314858373 1
Q16 0 2048710293568811134 1
Q16 0 2048866939624444076 1
Q16 0 1928881620947263690 1
Q16 0 2044058106909381087 1
Q16 0 1974580287397933234 1
Q16 0 2047431940043575618 1
Q16 0 2046881437895250009 1
Q16 0 2048876545243038009 1
Q16 0 2046721111166189765 1
Q16 0 2045311431671947428 1
Q16 0 2048866790344896636 1
Q16 0 2048867623966773529 1
Q16 0 2027156458081792185 1
Q16 0 2045268568342765670 1
Q16 0 2043226856812396742 1
Q16 0 2044938361391939882 1
Q16 0 2043831598240674091 1
Q16 0 1929552751849087315 1
Q16 0 1930135607814070663 1
Q16 0 1947255045831135434 1
Q16 0 2028305948780253626 1
Q16 0 2048868520784769210 1
Q16 0 1947277941596967035 0
Q16 0 1928647145608958295 0
Q16 0 1981352441678565834 0
Q16 0 1931126727968776374 0
Q16 0 2043678294202356166 0
Q16 0 2048866431530319999 0
Q16 0 2046713838595154091 0
Q16 0 2025857964628722051 0
Q16 0 2043166403793223973 0
Q16 0 1961155559517831648 0
Q16 0 1947514900772982860 0
Q16 0 2019107816707899799 0
Q16 0 1917738485068243249 0
Q16 0 1913933359056666637 0
Q16 0 2043750046789681532 0
Q16 0 1980287086055018876 0
Q16 0 2043755425728999705 0
Q16 0 2048874836483563938 0
Q16 0 1932917276682182946 0
Q16 0 2048729180729155873 0
Q16 0 2048143190763430021 0
Q16 0 1960347885553488240 0
Q16 0 1947386541304680897 0
Q16 0 2046681897594675558 0
Q16 0 2046706431794012524 0
Q16 0 2048873686325764591 0
Q16 0 2048870556431192354 0
Q16 0 2043151203568341378 0
Q16 0 2048813809205162051 0
Q16 0 2043205047258058917 0
Q16 0 1947307158577741825 0
Q16 0 1929531733810053619 0
Q16 0 1915913237545320500 0
Q16 0 2028290356165632124 0
Q16 0 2046746053672595475 0
Q16 0 2048869778022903947 0
Q16 0 2043230899060531432 0
Q16 0 2020573346124140545 0
Q16 0 2031039937450279267 0
Q16 0 2048584332672200839 0
Q16 0 1965640183014912482 0
Q16 0 1922387841704722456 0
Q16 0 2048876180523389067 0
Q16 0 1947430825571815503 0
Q16 0 2048873419249426506 0
Q16 0 2048866642038505506 0
Q16 0 1947303047635566950 0
Q16 0 2046506614560317594 0
Q16 0 1960704765941146001 0
Q16 0 1948789643140296781 0
Q16 0 2043352004211142713 0
Q16 0 1925333777284272443 0
Q16 0 2043271395359277553 0
Q16 0 2043142261559738856 0
Q16 0 2048668450969518512 0
Q16 0 1935146841613427124 0
Q16 0 2048877024299647099 0
Q16 0 1928645845064495528 0
Q16 0 2048588358390325753 0
Q16 0 1916990912267194461 0
Q16 0 2048496102266028235 0
Q16 0 2018814290568884626 0
Q16 0 2048874752031220159 0
Q16 0 2048593172423495858 0
Q16 0 2046777178818331060 0
Q16 0 2048874279215788125 0
Q16 0 1997356033321132401 0
Q16 0 2029596279592845787 0
Q16 0 1947387409080938808 0
Q16 0 2048579506911228026 0
Q17 0 2048870102984974413 1
Q17 0 2048866537897939337 1
Q17 0 2046576799895961978 1
Q17 0 2048868582214304145 1
Q17 0 2048867279757340851 1
Q17 0 2046700274257944842 1
Q17 0 2048870043975385528 1
Q17 0 2048874738345283589 1
Q17 0 2048877065764585916 1
Q17 0 2048461354882015242 1
Q17 0 2028901108966740196 1
Q17 0 2048870909222785199 1
Q17 0 1853171278972403867 1
Q17 0 1863843754454454470 1
Q17 0 2048810082461233166 1
Q17 0 2048046237929099351 1
Q17 0 2048877206621782277 1
Q17 0 1845767534416416962 1
Q17 0 2048757122712695090 1
Q17 0 2012151160262582715 1
Q17 0 2047330426294067381 1
Q17 0 1841506887667163575 1
Q17 0 2047506919837810839 1
Q17 0 2048868520784769210 1
Q17 0 2048489558304841872 1
Q17 0 1841531089292296320 1
Q17 0 2028032456973304110 1
Q17 0 1841309630070448559 1
Q17 0 1850550295387849065 1
Q17 0 1933377985283043364 1
Q17 0 1936665024212447271 0
Q17 0 1842248316807176363 0
Q17 0 2047909506906988628 0
Q17 0 2046807425400148033 0
Q17 0 1850226636362522883 0
Q17 0 2046622991438827948 0
Q17 0 2048867186307936550 0
Q17 0 2048869948982735121 0
Q17 0 2038979295008460834 0
Q17 0 1846934452703821939 0
Q17 0 2028252554543485174 0
Q17 0 2046657066627203536 0
Q17 0 1849179446999482455 0
Q17 0 2048876145928716553 0
Q17 0 1916183423061807600 0
Q17 0 1843702204722753968 0
Q17 0 1841539367812108669 0
Q17 0 1847703021439815733 0
Q17 0 2048866743200911603 0
Q17 0 1848231605782949908 0
Q17 0 1842455933173280937 0
Q17 0 2047693387038355861 0
Q17 0 2047626880656843044 0
Q17 0 2047932700711956712 0
Q17 0 1990206036247015562 0
Q17 0 2048875823877202396 0
Q17 0 1841543081117594062 0
Q17 0 1848063417531449709 0
Q17 0 2048081276117332259 0
Q17 0 2048861027249651995 0
Q17 0 1843665749245866065 0
Q17 0 1843666764456206552 0
Q17 0 2046593277139234968 0
Q17 0 2047289858180165796 0
Q17 0 2048324919134744886 0
Q17 0 2031470204241219673 0
Q17 0 2048678283605151794 0
Q17 0 1841543875489628409 0
Q17 0 2048875364789768565 0
Q17 0 1854226698897903725 0
Q17 0 1860663780499140834 0
Q17 0 1841542417297899750 0
Q17 0 2046395846757953595 0
Q17 0 2048869846553604489 0
Q17 0 2048877241577144749 0
Q17 0 1821946440345637171 0
Q17 0 1841961548291465598 0
Q17 0 2048876571650617391 0
Q17 0 1843339738725433694 0
Q17 0 1832475167920124109 0
Q17 0 2048874490633843014 0
Q17 0 1843048588709945741 0
Q17 0 2046601184744550711 0
Q17 0 1847672640099496346 0
Q17 0 2048874499949404480 0
Q17 0 1934059444138303581 0
Q17 0 2048635321483747526 0
Q17 0 1842067124048523373 0
Q17 0 1833874052949131460 0
Q17 0 1849118587266433230 0
Q17 0 1832320507984687179 0
Q17 0 2034462966674784401 0
Q17 0 1849058189402357765 0
Q17 0 2046895941823668649 0
Q17 0 1841926592878051440 0
Q17 0 2046473927493308557 0
Q17 0 1850018526729281995 0
Q17 0 1850948295696531613 0
Q17 0 2048875152935465139 0
Q17 0 2047593991726616957 0
Q18 0 2048868436340879402 1
Q18 0 2034594264240488752 1
Q18 0 2035679634218746200 1
Q18 0 2039032219029921868 1
Q18 0 2041912816677089700 1
Q18 0 2048210259425317256 1
Q18 0 2048871892623471071 1
Q18 0 2038240631630528773 1
Q18 0 2048289564716909009 1
Q18 0 2048868253045321759 1
Q18 0 2041828608067465347 1
Q18 0 2046942196645974371 1
Q18 0 2048867279757340851 1
Q18 0 2048327663148769449 1
Q18 0 2037911519636136298 1
Q18 0 2041917546543116293 1
Q18 0 2041925726098657733 1
Q18 0 2041158235873267980 1
Q18 0 2031288704984035444 1
Q18 0 2036866703339237740 1
Q18 0 2040322476325105887 1
Q18 0 2030377594802057380 1
Q18 0 2048870043975385528 1
Q18 0 2040763381007687865 1
Q18 0 2048877726161834209 1
Q18 0 2035660781258146249 1
Q18 0 2035754106757808314 1
Q18 0 2039732425329152448 1
Q18 0 2034083975275417883 1
Q18 0 2041914121105674681 1
Q18 0 2048868520784769210 0
Q18 0 2032761532430561632 0
Q18 0 2046808483908247843 0
Q18 0 2041155185716658621 0
Q18 0 2048099080824619421 0
Q18 0 2030373201151442981 0
Q18 0 2047106776986771908 0
Q18 0 2048876304083124391 0
Q18 0 2041818137251774834 0
Q18 0 2036771847937683601 0
Q18 0 2047549034206990341 0
Q18 0 2037570831987970470 0
Q18 0 2041914697189114247 0
Q18 0 2048143628321636467 0
Q18 0 2038237896969200127 0
Q18 0 2034405300246376530 0
Q18 0 2032819990835954062 0
Q18 0 2048069425727778910 0
Q18 0 2048045834420244623 0
Q18 0 2041923035641344317 0
Q18 0 1943973206089404589 0
Q18 0 2040766279447965733 0
Q18 0 2046780190450466858 0
Q18 0 2032824131473809620 0
Q18 0 2030371713943245191 0
Q18 0 2041926679954591777 0
Q18 0 2042147823853170858 0
Q18 0 2034571715754254415 0
Q18 0 2048093735117000889 0
Q18 0 2047450665786524035 0
Q18 0 2037953839211450848 0
Q18 0 2038271339337834710 0
Q18 0 2030363976924545409 0
Q18 0 2041913571701862719 0
Q18 0 2040798455900053610 0
Q18 0 2041493337732010435 0
Q18 0 2039101399967936771 0
Q18 0 2032194264177000924 0
Q18 0 2030378846206218392 0
Q18 0 2046838074634862888 0
Q18 0 2041956744465875143 0
Q18 0 2040943476183810500 0
Q18 0 2027750686197526574 0
Q18 0 2043861543687971037 0
Q18 0 2048107150619132148 0
Q18 0 2033372810907714017 0
Q18 0 2034317370953752673 0
Q18 0 2048090811339002314 0
Q18 0 2046859259116142850 0
Q18 0 2039011036305494390 0
Q18 0 2030368252384120997 0
Q18 0 2048867432173879390 0
Q18 0 2017040083283501420 0
Q18 0 2041913431679238541 0
Q18 0 2048866849765351690 0
Q18 0 2038995401953656871 0
Q18 0 2028315855210082779 0
Q18 0 2030375243551010841 0
Q18 0 2031334743912927462 0
Q18 0 2029550245026423186 0
Q18 0 2048788620723593426 0
Q18 0 2038034120027349085 0
Q18 0 2048199320017797482 0
Q18 0 2047002942658453916 0
Q18 0 2047181481328709793 0
Q18 0 2041927343875252281 0
Q18 0 2046937378921840676 0
Q18 0 2048239657159479783 0
Q18 0 2048119388390461670 0
Q18 0 2046714829558128978 0
Q19 0 2048873042911396286 1
Q19 0 2048875815056646244 1
Q19 0 2048867559760437416 1
Q19 0 2047897548220969030 1
Q19 0 2048875367134376194 1
Q19 0 2048874851390427402 1
Q19 0 1714596850425069780 1
Q19 0 2047687306547716484 1
Q19 0 2047253198834893071 1
Q19 0 2047752934382014562 1
Q19 0 2048160563805782214 1
Q19 0 2036879911625846887 1
Q19 0 2048876545243038009 1
Q19 0 2048460579065745651 1
Q19 0 1918037862982840427 1
Q19 0 2047035236228190340 1
Q19 0 2047827933784416401 1
Q19 0 2047117814679458077 1
Q19 0 2047338455915733253 1
Q19 0 2034715992686043360 1
Q19 0 1714603173564867057 1
Q19 0 2046692344938852809 1
Q19 0 1873141907020283912 1
Q19 0 1900370580538290195 1
Q19 0 1714809595518951714 1
Q19 0 2048122261455187969 1
Q19 0 2048873768559468828 1
Q19 0 2048867186307936550 1
Q19 0 1714638175203639580 1
Q19 0 2048754832652251160 1
Q19 0 1951642959226523825 0
Q19 0 2047564976643092570 0
Q19 0 2047854444117717489 0
Q19 0 2048871756060921864 0
Q19 0 1725565045013135834 0
Q19 0 2048870920689971362 0
Q19 0 1972242675052265709 0
Q19 0 1714656469994328436 0
Q19 0 2024152743003488301 0
Q19 0 1716598602565402807 0
Q19 0 2047339584233554419 0
Q19 0 1714617898910535688 0
Q19 0 2024204479050973419 0
Q19 0 2048878086918160791 0
Q19 0 1714917143060586813 0
Q19 0 2048101836008329461 0
Q19 0 1714694821808349462 0
Q19 0 2047748012819067131 0
Q19 0 1714682731727110312 0
Q19 0 2047840469439156714 0
Q19 0 2048869075925729395 0
Q19 0 2046847585282101533 0
Q19 0 2046882791011623293 0
Q19 0 1714576992375636079 0
Q19 0 1870715908827615267 0
Q19 0 1890374471963336805 0
Q19 0 2048871109613801633 0
Q19 0 2044861076169187378 0
Q19 0 1843300174158033322 0
Q19 0 2047870963895980032 0
Q19 0 2002406778579861827 0
Q19 0 1865390070032646220 0
Q19 0 1947253828958470628 0
Q19 0 1723793342536798698 0
Q19 0 1714597635330289838 0
Q19 0 2047861698728804837 0
Q19 0 2047269607728140663 0
Q19 0 2048869077540569423 0
Q19 0 1714787250653864447 0
Q19 0 2047686485382767077 0
Q19 0 1715080374684901696 0
Q19 0 2046692020526199214 0
Q19 0 1714920505474695241 0
Q19 0 1714832849294217325 0
Q19 0 1838754586217054590 0
Q19 0 1714597120194523345 0
Q19 0 2046581580072734870 0
Q19 0 2038291953494733091 0
Q19 0 1867254998335136038 0
Q19 0 2048725225781739746 0
Q19 0 2047754140705870025 0
Q19 0 1714625914762637814 0
Q19 0 1873780608737964403 0
Q19 0 1714914282863722667 0
Q19 0 2048446782690992152 0
Q19 0 2044861252694880383 0
Q19 0 2048875589361193052 0
Q19 0 2046736494182772762 0
Q19 0 2046659390871126135 0
Q19 0 2047994353142890835 0
Q19 0 2037596402277052487 0
Q19 0 2048875787038720374 0
Q19 0 2048006940211458316 0
Q19 0 2048231535334084745 0
Q19 0 2048521321806717341 0
Q19 0 2048057530543444048 0
Q19 0 2046919170642600388 0
Q19 0 2048875352068428159 0
Q19 0 2035756878462861711 0
Q19 0 1972204279491342815 0
Q20 0 2048868943092125790 1
Q20 0 2042173441814729188 1
Q20 0 2046256469566468211 1
Q20 0 2047370837934981317 1
Q20 0 2043715690901942703 1
Q20 0 2044450917907419240 1
Q20 0 2047672170198020569 1
Q20 0 2041516721580994807 1
Q20 0 2042971368480964694 1
Q20 0 2047374128877810115 1
Q20 0 2041481189135958195 1
Q20 0 2040712564896833982 1
Q20 0 2041202637534572667 1
Q20 0 2045085593663918214 1
Q20 0 2042453444863410294 1
Q20 0 2047701712199188828 1
Q20 0 2041519434892779617 1
Q20 0 2041573135443521855 1
Q20 0 2041563747928690805 1
Q20 0 2046661373258510405 1
Q20 0 2043504762449199142 1
Q20 0 2043158953563947223 1
Q20 0 2040659115517603957 1
Q20 0 2041244819557937359 1
Q20 0 2040980194836545944 1
Q20 0 2041133081122292164 1
Q20 0 2041883475741966582 1
Q20 0 2041501357488660837 1
Q20 0 2041838675903049922 1
Q20 0 2043569878297346220 1
Q20 0 2048868676326359088 0
Q20 0 2041346581790855227 0
Q20 0 2046271206874403015 0
Q20 0 2042132638840807459 0
Q20 0 2048870174153981978 0
Q20 0 2041496128311714193 0
Q20 0 2043462794306355346 0
Q20 0 2043570284020568564 0
Q20 0 2048869256750600629 0
Q20 0 2048874968084050044 0
Q20 0 2040533948497862916 0
Q20 0 2041511335339479231 0
Q20 0 2048879063151104340 0
Q20 0 2041150448975937793 0
Q20 0 2040593304233050263 0
Q20 0 2048876240199725557 0
Q20 0 2041524808379486579 0
Q20 0 2041472840558342376 0
Q20 0 2041519273546543181 0
Q20 0 2044045450823573667 0
Q20 0 2041523611270304129 0
Q20 0 2047383758731370707 0
Q20 0 2040595279238316093 0
Q20 0 2047376898762694897 0
Q20 0 2043344650547892486 0
Q20 0 2041214640164614560 0
Q20 0 2047110870694592930 0
Q20 0 2046979438475141552 0
Q20 0 2048868520784769210 0
Q20 0 2041201325086539821 0
Q20 0 2042697416311476688 0
Q20 0 2040533762589540715 0
Q20 0 2041443847486816287 0
Q20 0 2041652366227743170 0
Q20 0 2041313272893231499 0
Q20 0 2047670838766579757 0
Q20 0 2040531086841671713 0
Q20 0 2041491033209409550 0
Q20 0 2047401662768181258 0
Q20 0 2045327027163591065 0
Q20 0 2043260208047366309 0
Q20 0 2046895537211986264 0
Q20 0 2048872235620794671 0
Q20 0 2040496607850823692 0
Q20 0 2043351138955596003 0
Q20 0 2040782715193016766 0
Q20 0 2048877786794754493 0
Q20 0 2041128355534143490 0
Q20 0 2041168292669264348 0
Q20 0 2041525437067616579 0
Q20 0 2040295153936863488 0
Q20 0 2041588628577776123 0
Q20 0 2040331802569814470 0
Q20 0 2041952003916755317 0
Q20 0 2047122128923951476 0
Q20 0 2040100496149446899 0
Q20 0 2048879243916878223 0
Q20 0 2041486234984366509 0
Q20 0 2041647149310476767 0
Q20 0 2044604142044233826 0
Q20 0 2047134404942950755 0
Q20 0 2048869778022903947 0
Q20 0 2041132548957544958 0
Q20 0 2046957451803541549 0
Q20 0 2041223624690979184 0
Q20 0 2041518291491905590 0
Q20 0 2047426543433990537 0
Q20 0 2041900185954218009 0
Q20 0 2041949764795707461 0
Q20 0 2047118925725397269 0
Q21 0 2048728616209420510 1
Q21 0 2043062728332296278 1
Q21 0 2048873218170314835 1
Q21 0 2041314631642419329 1
Q21 0 2048874238560379010 1
Q21 0 2034260649270734941 1
Q21 0 2048875841359372406 1
Q21 0 2037348459918033282 1
Q21 0 2048113502792057211 1
Q21 0 2048871059177242889 1
Q21 0 2036167688419156408 1
Q21 0 2048870725361205507 1
Q21 0 2036405524703346715 1
Q21 0 2044062496042942628 1
Q21 0 2035934562728001594 1
Q21 0 2043658347577032753 1
Q21 0 2048874596254797842 1
Q21 0 2046892211418353796 1
Q21 0 2047013016114212975 1
Q21 0 2045926300515267064 1
Q21 0 2046644130671960457 1
Q21 0 2048845254481346836 1
Q21 0 2036189707474747686 1
Q21 0 2035346186144481521 1
Q21 0 2044906697354002673 1
Q21 0 2048365485935165595 1
Q21 0 2041978313330057220 1
Q21 0 2048876550494580877 1
Q21 0 2042354266686570611 1
Q21 0 2034211819070373907 1
Q21 0 2047576197568037227 0
Q21 0 2048830495220264989 0
Q21 0 2041354667016278048 0
Q21 0 2042189948728803462 0
Q21 0 2048877195402076661 0
Q21 0 2045320721593774373 0
Q21 0 2048876045021938157 0
Q21 0 2048874630073438406 0
Q21 0 2048173929517453416 0
Q21 0 2047105066096807967 0
Q21 0 2038443521703559673 0
Q21 0 2048873586908123537 0
Q21 0 2041562509610532941 0
Q21 0 2048876867529154642 0
Q21 0 2037183970614337548 0
Q21 0 2032120134286934312 0
Q21 0 2043088415038599426 0
Q21 0 2032425171827540359 0
Q21 0 2039058207369281949 0
Q21 0 2048046246892368208 0
Q21 0 2048438974138704072 0
Q21 0 2036405397938942313 0
Q21 0 2048869841075909062 0
Q21 0 2048873734854066407 0
Q21 0 2041969877062123648 0
Q21 0 2047213835048653278 0
Q21 0 2042660364891099527 0
Q21 0 2048868996490076665 0
Q21 0 2039885709721366821 0
Q21 0 2031365049789333585 0
Q21 0 2048879700676644883 0
Q21 0 2042591315905429670 0
Q21 0 2046902631227154634 0
Q21 0 2045144543734177855 0
Q21 0 2048874594614837648 0
Q21 0 2042607943481499773 0
Q21 0 2038431100075221390 0
Q21 0 2042535303131635889 0
Q21 0 2048393588804034593 0
Q21 0 2043760166303346813 0
Q21 0 2029954636577214526 0
Q21 0 2038954882585985492 0
Q21 0 2045341687690531108 0
Q21 0 2042334597296381955 0
Q21 0 2042438410045177994 0
Q21 0 2037510244918493624 0
Q21 0 2047412033549635618 0
Q21 0 2048055820990939501 0
Q21 0 2038494375735337340 0
Q21 0 2036427898375053465 0
Q21 0 2029989926641488224 0
Q21 0 2043718278019793219 0
Q21 0 2030155632100417576 0
Q21 0 2032727410039267788 0
Q21 0 2041870525983813775 0
Q21 0 2036429036164190434 0
Q21 0 2044486351853084681 0
Q21 0 2043029084507176989 0
Q21 0 2041977592774062451 0
Q21 0 2044738613666087392 0
Q21 0 2046804597898129804 0
Q21 0 2048818004968767810 0
Q21 0 2048366003617173659 0
Q21 0 2037942872381567030 0
Q21 0 2032940047394115958 0
Q21 0 2043382889174213034 0
Q21 0 2037289580177526892 0
Q21 0 2047025553312768269 0
Q21 0 2042216066529857781 0
Q21 0 2041930312112836668 0
Q22 0 2048474625655648713 1
Q22 0 2048108675676418496 1
Q22 0 2046693152476860675 1
Q22 0 2048228838275256482 1
Q22 0 2040544440499237123 1
Q22 0 2047142267362725918 1
Q22 0 2046660050840879509 1
Q22 0 2047092997389742348 1
Q22 0 2040494278619886048 1
Q22 0 2039380919153229911 1
Q22 0 2046764939780735123 1
Q22 0 2046923886760202449 1
Q22 0 2047074228042907672 1
Q22 0 2047359682642321451 1
Q22 0 2047117036132983051 1
Q22 0 2047039729049256255 1
Q22 0 2041187245726797905 1
Q22 0 2046863862646083947 1
Q22 0 2046848350444544212 1
Q22 0 2041122035770773576 1
Q22 0 2048643528688103730 1
Q22 0 2043723917039435944 1
Q22 0 2048877726161834209 1
Q22 0 2041116712276279792 1
Q22 0 2041472013743599651 1
Q22 0 2040541442041622932 1
Q22 0 2040105861142516052 1
Q22 0 2048879063151104340 1
Q22 0 2048788620723593426 1
Q22 0 2041475150059827332 1
Q22 0 2040105871477235734 0
Q22 0 2048876304083124391 0
Q22 0 2040420228157321695 0
Q22 0 2041478712865013800 0
Q22 0 2041859245637824817 0
Q22 0 2048333453813514453 0
Q22 0 2046979438475141552 0
Q22 0 2048876240199725557 0
Q22 0 2038374231348539550 0
Q22 0 2041148265505214890 0
Q22 0 2041672167176229083 0
Q22 0 2043690839860531329 0
Q22 0 2047024232756859198 0
Q22 0 2046859895362777365 0
Q22 0 2039358879042097357 0
Q22 0 2048874968084050044 0
Q22 0 2046694045410640361 0
Q22 0 2048874952430919744 0
Q22 0 2047376898762694897 0
Q22 0 2040402974246081005 0
Q22 0 2041494977092735021 0
Q22 0 2046709223015547209 0
Q22 0 2046955533882544302 0
Q22 0 2038655800332218680 0
Q22 0 2041937530589688140 0
Q22 0 2041475661735350412 0
Q22 0 2046988203165401106 0
Q22 0 2039353168199368721 0
Q22 0 2040034578681741478 0
Q22 0 2046987177163141338 0
Q22 0 2048540094886522951 0
Q22 0 2039331052578340908 0
Q22 0 2039051392321495458 0
Q22 0 2041324864020050430 0
Q22 0 2040483764032377271 0
Q22 0 2039469364240388275 0
Q22 0 2042074367233028373 0
Q22 0 2044798944778277219 0
Q22 0 2042153147976519905 0
Q22 0 2039214038954180796 0
Q22 0 2043759384774283644 0
Q22 0 2048295937877913884 0
Q22 0 2041670624397963516 0
Q22 0 2039684763058098607 0
Q22 0 2047788374736732232 0
Q22 0 2041326758536839565 0
Q22 0 2048406169442562407 0
Q22 0 2048034310981132781 0
Q22 0 2039743375180505297 0
Q22 0 2048300252726198588 0
Q22 0 2038547285374570897 0
Q22 0 2041676779383935025 0
Q22 0 2041302747010470103 0
Q22 0 2047932675181236629 0
Q22 0 2048869256750600629 0
Q22 0 2048880447300518362 0
Q22 0 2041966093787611335 0
Q22 0 2041476728434897342 0
Q22 0 2038677806197162068 0
Q22 0 2046858353976955081 0
Q22 0 2041854654951084442 0
Q22 0 2041396877162164646 0
Q22 0 2039634098671509987 0
Q22 0 2048872777457836193 0
Q22 0 2040011627156631615 0
Q22 0 2041913867266109898 0
Q22 0 2047925825534632298 0
Q22 0 2047683360332410880 0
Q22 0 2048468471835394514 0
Q22 0 2046774612432982138 0
Q23 0 2048875837080932391 1
Q23 0 2048880283013759423 1
Q23 0 2048880516951056548 1
Q23 0 2047986974703681741 1
Q23 0 2046247477058080951 1
Q23 0 2048722989122801714 1
Q23 0 2046926409487036473 1
Q23 0 2048873880769442103 1
Q23 0 2044846055137722403 1
Q23 0 2048721706743669230 1
Q23 0 2048694978168381700 1
Q23 0 2048870817619145101 1
Q23 0 2045927296888959349 1
Q23 0 2046858753815839117 1
Q23 0 2046747314031820893 1
Q23 0 2046779042792124721 1
Q23 0 2046661093188374915 1
Q23 0 2046263051519729997 1
Q23 0 2048878939146273256 1
Q23 0 2046950778812715373 1
Q23 0 2045105328644125078 1
Q23 0 2045880418763776328 1
Q23 0 2044828627209277698 1
Q23 0 2046238463620501525 1
Q23 0 2046133012866211856 1
Q23 0 2046688711253901514 1
Q23 0 2044876907078906224 1
Q23 0 2044474423751668123 1
Q23 0 2046956424509435961 1
Q23 0 2046859890430202002 1
Q23 0 2048647654062587909 0
Q23 0 2044460430035136649 0
Q23 0 2047071127797719490 0
Q23 0 2045886568196714837 0
Q23 0 2047728659797025041 0
Q23 0 2046675604008063345 0
Q23 0 2048874134567031087 0
Q23 0 2046740954057515379 0
Q23 0 2046191984184832160 0
Q23 0 2046973222604997045 0
Q23 0 2047031433919664171 0
Q23 0 2046559576259006707 0
Q23 0 2046623882052857928 0
Q23 0 2044809407603642523 0
Q23 0 2046774529632940333 0
Q23 0 2046881437895250009 0
Q23 0 2045956323632693676 0
Q23 0 2044461248205455540 0
Q23 0 2045525450336743542 0
Q23 0 2046143103963181135 0
Q23 0 2048879169862504464 0
Q23 0 2048877924908929279 0
Q23 0 2046633574514753778 0
Q23 0 2044741848917283064 0
Q23 0 2048448521364546016 0
Q23 0 2046913706605637897 0
Q23 0 2048032806429688104 0
Q23 0 2046229261611122811 0
Q23 0 2045530191422705969 0
Q23 0 2047004991492133322 0
Q23 0 2046763792269287882 0
Q23 0 2046142144964935870 0
Q23 0 2048488342615134687 0
Q23 0 2045844170506391722 0
Q23 0 2046927061369938353 0
Q23 0 2046953560840065213 0
Q23 0 2044846530549428630 0
Q23 0 2046552203351970278 0
Q23 0 2044731201760420304 0
Q23 0 2046345176168219090 0
Q23 0 2045718208187908517 0
Q23 0 2048084517546573943 0
Q23 0 2048021813545009407 0
Q23 0 2047058893881356585 0
Q23 0 2044804474368131473 0
Q24 0 2047869557877174735 1
Q24 0 2035587648945799381 1
Q24 0 2046608182508712145 1
Q24 0 1936600833225076779 1
Q24 0 1939039585042084105 1
Q24 0 1938704128680607904 1
Q24 0 1938659565685379157 1
Q24 0 1938661088037327319 1
Q24 0 2046638153566671194 1
Q24 0 2018016299041902659 1
Q24 0 1945480500862455979 1
Q24 0 2023808410979103086 1
Q24 0 1945496721301090755 1
Q24 0 2048867374380499007 1
Q24 0 2046639235474829577 1
Q24 0 2047352274461045244 1
Q24 0 2035533742094323760 1
Q24 0 1928009591964545390 1
Q24 0 1945475908564865431 1
Q24 0 2048880717837246828 1
Q24 0 2027734590459105538 1
Q24 0 1935292405785518424 1
Q24 0 2048872607177400476 1
Q24 0 2035455992243052795 1
Q24 0 2047548339693002773 1
Q24 0 2048062161235087383 1
Q24 0 2046672763143012425 1
Q24 0 1906744935316955145 1
Q24 0 2048131504505508275 1
Q24 0 1938512725446980059 1
Q24 0 2046639541792997576 0
Q24 0 2046659752806191603 0
Q24 0 2046644447790924187 0
Q24 0 2046647550057611739 0
Q24 0 1994105793843458475 0
Q24 0 2047361336674275792 0
Q24 0 2012611071631069271 0
Q24 0 2046892291332162028 0
Q24 0 2047403654550831423 0
Q24 0 2048878100939985073 0
Q24 0 2047440045217648711 0
Q24 0 1994192010425594367 0
Q24 0 2035736639469658513 0
Q24 0 2046870259039195517 0
Q24 0 2032162209023856804 0
Q24 0 1936790276540178516 0
Q24 0 2037253587273752638 0
Q24 0 1933071081385976206 0
Q24 0 2046950261860528362 0
Q24 0 2047345339309625422 0
Q24 0 2047402504929903027 0
Q24 0 1994101846567231576 0
Q24 0 2035481320319848868 0
Q24 0 2048878141423206814 0
Q24 0 2035459700234596612 0
Q24 0 2046641570234163460 0
Q24 0 1950134917829890547 0
Q24 0 2027738419506385392 0
Q24 0 1842213594169008482 0
Q24 0 1842173797828370590 0
Q24 0 2027738735824044501 0
Q24 0 1935291629721764126 0
Q24 0 2020463779293634874 0
Q24 0 1994119709793624398 0
Q24 0 1816430397665759740 0
Q24 0 2048874235783762001 0
Q24 0 1842154662150934774 0
Q24 0 1938209610135179589 0
Q24 0 1938685882661511483 0
Q24 0 2032114436945645765 0
Q24 0 2047396765645635915 0
Q24 0 2035549636195442864 0
Q24 0 2027735076533153826 0
Q24 0 2046547113446924778 0
Q24 0 2048445927732699580 0
Q24 0 2047394723615191461 0
Q24 0 2048880242870165911 0
Q24 0 1935451943360479269 0
Q24 0 1938574104220549315 0
Q24 0 2047012923642446286 0
Q24 0 2047405833114251485 0
Q24 0 2048876691078910085 0
Q24 0 2047404781489266947 0
Q24 0 2037285517969227992 0
Q24 0 2047395019049562324 0
Q24 0 2047250307885719632 0
Q24 0 2031381940893270303 0
Q24 0 2047400916400341040 0
Q24 0 1938286876441370951 0
Q24 0 2047013895638823000 0
Q24 0 2047019420753756438 0
Q24 0 2046778460874358804 0
Q24 0 2047365262689653044 0
Q24 0 2048877875982475590 0
Q24 0 1652617266230337536 0
Q24 0 2048875116688269400 0
Q24 0 2027664141880860894 0
Q24 0 2028901311350227130 0
Q24 0 2048879301660205131 0
Q24 0 1937168786735652998 0
Q25 0 2048875837080932391 1
Q25 0 2046576799895961978 1
Q25 0 2048881343258399022 1
Q25 0 2048872201827295674 1
Q25 0 2048375645139587535 1
Q25 0 2046811939049767202 1
Q25 0 2039351946491089264 1
Q25 0 2048877065764585916 1
Q25 0 2046145633191432575 1
Q25 0 2043878449467555871 1
Q25 0 2048873880769442103 1
Q25 0 2048726928686010549 1
Q25 0 2046549998737965068 1
Q25 0 2047336342787395803 1
Q25 0 2041372755078283307 1
Q25 0 2041495116242997587 1
Q25 0 2048338738879631440 1
Q25 0 2044875338719633566 1
Q25 0 2047683382939627584 1
Q25 0 2048489558304841872 1
Q25 0 2047016333129515011 1
Q25 0 2041841176714662328 1
Q25 0 2048881254519525591 1
Q25 0 2041263876818321657 1
Q25 0 2048878939146273256 1
Q25 0 2041591403881324710 1
Q25 0 2046951078193664119 1
Q25 0 2048881830288674854 1
Q25 0 2048876240199725557 1
Q25 0 2043878733119987935 1
Q25 0 2047321454153179519 0
Q25 0 2048612763912511877 0
Q25 0 2047909506906988628 0
Q25 0 2048872400733839511 0
Q25 0 2041832794595176517 0
Q25 0 2043611007763751002 0
Q25 0 2039788666613031122 0
Q25 0 2048882258002526376 0
Q25 0 2041829487281582417 0
Q25 0 2046628701433954731 0
Q25 0 2043409883782107416 0
Q25 0 2048381297295241284 0
Q25 0 2048767441421881708 0
Q25 0 2041841181571608688 0
Q25 0 2048654643081744797 0
Q25 0 2046578604704936111 0
Q25 0 2042189401086964222 0
Q25 0 2042637022435905760 0
Q25 0 2047742727203467483 0
Q25 0 2047277089104023733 0
Q25 0 2046651652174754105 0
Q25 0 2039638152877359261 0
Q25 0 2048881149791858848 0
Q25 0 2045894021135122617 0
Q25 0 2047240853366997494 0
Q25 0 2047235976385396742 0
Q25 0 2041735336347496673 0
Q25 0 2048716794630926726 0
Q25 0 2047898197755105521 0
Q25 0 2046638112722330047 0
Q25 0 2046453889445105776 0
Q25 0 2047396737334309208 0
Q25 0 2043225498923192547 0
Q25 0 2046278402244837572 0
Q25 0 2046580238910366083 0
Q25 0 2047671254916927873 0
Q25 0 2048875732827283609 0
Q25 0 2041218519178649652 0
Q25 0 2048742490568593708 0
Q25 0 2040705329155977225 0
Q25 0 2040399372613988805 0
Q25 0 2041149001895153823 0
Q25 0 2048314106420068802 0
Q25 0 2046395413402423788 0
Q25 0 2048874836483563938 0
Q25 0 2048654423228850291 0
Q25 0 2048877206621782277 0
Q25 0 2041903023115661594 0
Q25 0 2041727383712264561 0
Q25 0 2048874343758000414 0
Q25 0 2045632787168821742 0
Q25 0 2046264921000902853 0
Q25 0 2046034994016178678 0
Q25 0 2038583346671014241 0
Q25 0 2048551450532286912 0
Q25 0 2048528861781008663 0
Q25 0 2043743518284492899 0
Q25 0 2047700843965689904 0
Q25 0 2041452516345548991 0
Q25 0 2041739315349483871 0
Q25 0 2046573595472900559 0
Q25 0 2048458328125419539 0
Q25 0 2045737997681734107 0
Q25 0 2046690392423256533 0
Q25 0 2041072180264657242 0
Q25 0 2040358932661903484 0
Q25 0 2048407131825783067 0
Q25 0 2048749168164806972 0
Q25 0 2048396043323355303 0
Q25 0 2048695287938470074 0
